----普通秩亏自由网平差----
一、二期高程改正数(mm)及各中误差
0.704679	-0.747044	0.0810534	-8.19436	8.15567
5.16579	4.14406	5.16969	6.61315	5.03086
-6.41277	-14.7783	-6.28384	-4.41775	31.8926
9.50645	7.62618	9.51362	12.17	9.25813
一、二期高程平差值/m及位移量/mm
0.000704679	8.93745	-4.21212	5.76731	24.8762
-0.00641277	8.93182	-4.21668	5.77378	24.8156
-7.11745	-5.63125	-4.56489	6.47662	-60.563
一期高差改正数/mm,高差平差值/m
-7.451	1.45172	-0.623625	-2.90272	-8.3719	-8.27542	-13.35
-24.8755	-8.93675	-4.21282	-15.9387	-13.1496	9.97942	19.1089
一期单位权中误差/mm
1.50588
二期高差改正数/mm,高差平差值/m
-38.3054	8.36553	0.12893	10.5291	1.89446	1.86609	3.01039
-24.822	-8.93823	-4.21027	-15.8838	-13.1485	9.99047	19.0418
二期单位权中误差mm
2.77123

--------稳定检验-------
不稳定点号
5
稳定点号
1	2	3	4

--------拟稳平差--------
一、二期高程改正数/mm及各中误差
2.7436	1.29187	2.11997	-6.15544	10.1946
6.28857	5.10705	4.38819	4.71171	6.36022
1.56039	-6.80514	1.68932	3.55542	39.8658
11.5727	9.39834	8.07545	8.67081	11.7045
一、二期高程平差值/m
0.0027436	8.93949	-4.21008	5.76934	24.8782
0.00156039	8.93979	-4.20871	5.78176	24.8236
一期高差改正数/mm,高差平差值/m
-7.451	1.45172	-0.623625	-2.90272	-8.3719	-8.27542	-13.35
-24.8755	-8.93675	-4.21282	-15.9387	-13.1496	9.97942	19.1089
一期单位权中误差/mm
1.50588
二期高差改正数/mm,高差平差值/m
-38.3054	8.36553	0.12893	10.5291	1.89446	1.86609	3.01039
-24.822	-8.93823	-4.21027	-15.8838	-13.1485	9.99047	19.0418
二期单位权中误差/mm
2.77123
不稳定点位移量/mm
5	-54.6288
稳定点位移量/mm
1	-1.1832
2	0.302989
3	1.36935
4	12.4109
